beta <- c(-.005783938723359,0,-.1672637915769783,.0602673470581781,2.137823914275954)
sigma <- structure(c(.0000155263168494,0,7.15963260577e-06,-5.47189400734e-07,-.0006097564959853,0,0,0,0,0,7.15963260577e-06,0,.0007591909754507,.0001982537817264,-.00047968241723,-5.47189400734e-07,0,.0001982537817264,.0126967752530311,-.0001770166383809,-.0006097564959853,0,-.00047968241723,-.0001770166383809,.024145137365189), .Dim=c(5,5))
myglobal <- 4.1
anotherglobal <- 'abc123'
